210 369.0 37.0 13.0 0.0 61.0 0.588075880759 1.22354785408e-92 807.311190517 0.10027100271 0.0352303523035 0.0 0.165311653117 13 0.0352303523035 477.0 39.0 178.05 1.20692 129.9 2.72426641638 5.13356917445 0.278817044506 9.90698 142.447 2223.99 1032.47 251.744 
211 180.0 14.0 6.0 0.0 52.0 0.633333333333 3.78725178547e-43 988.850252238 0.0777777777778 0.0333333333333 0.0 0.288888888889 6 0.0333333333333 209.0 24.0 147.26 1.55452984615 95.35 1.34847905458 2.45858815356 0.5705641 8.58333 152.151 1631.98 1072.46 261.236 
092 253.0 19.0 4.0 0.0 57.0 0.656126482213 1.50844307291e-66 927.716294221 0.0750988142292 0.0158102766798 0.0 0.225296442688 3 0.0118577075099 421.0 15.0 150.82 1.053625 124.97 2.62734193444 5.11190045633 0.341047280054 8.51429 335.638 1913.83 1126.79 261.342 
093 162.0 17.0 7.0 0.0 31.0 0.635802469136 2.8137941854e-38 734.129182251 0.104938271605 0.0432098765432 0.0 0.191358024691 7 0.0432098765432 174.0 1.0 63.66 3.64 60.02 2.75912407991 4.09839593166 0.337752839506 6.58621 371.612 2017.47 1211.55 251.591 
096 259.0 25.0 5.0 0.0 49.0 0.594594594595 4.76489126746e-62 929.120409171 0.0965250965251 0.019305019305 0.0 0.189189189189 7 0.027027027027 307.0 8.0 115.47 0.92625 99.51 2.6736400498 3.94773343311 0.335828486364 9 279.855 2055.33 1302.81 305.043 
132 170.0 13.0 4.0 0.0 37.0 0.682352941176 2.03801626086e-43 1293.6603744 0.0764705882353 0.0235294117647 0.0 0.217647058824 7 0.0411764705882 156.0 0.0 104.2 0 104.2 1.33644532212 1.98359086661 0.7919234 8.16 18.3356 1827.57 1114 274.532 
013 341.0 15.0 10.0 0.0 71.0 0.692082111437 2.36888774952e-99 1358.47734873 0.0439882697947 0.0293255131965 0.0 0.208211143695 12 0.0351906158358 515.0 1.0 196.28 0.435 195.41 2.53973153829 4.84916097322 0.398743125237 7.8 231.495 1679.69 1049.02 233.792 
137 420.0 47.0 9.0 1.0 78.0 0.657142857143 3.44530215093e-120 1096.9951578 0.111904761905 0.0214285714286 0.00238095238095 0.185714285714 12 0.0285714285714 511.0 13.0 230.77 0.469231 218.57 2.11781295195 3.48590275859 0.464016420755 9.15385 223.823 1977.5 1084.06 263.199 
015 952.0 80.0 48.0 0.0 144.0 0.553571428571 9.83159892064e-260 1019.3127739 0.0840336134454 0.0504201680672 0.0 0.151260504202 31 0.0325630252101 1316.0 75.0 429.83 1.09202807958 345.0 3.12525617543 7.84196086461 0.259948156417 9.44954 14.4744 2224.1 1087 312.508 
017 258.0 24.0 6.0 0.0 47.0 0.527131782946 7.64282293492e-55 762.744837235 0.093023255814 0.0232558139535 0.0 0.182170542636 9 0.0348837209302 287.0 31.0 94.79 0.983548 64.3 3.02775 4.46345 0.224042 9.36667 416.584 2142.74 1070.99 302.5 
139 185.0 20.0 12.0 0.0 47.0 0.67027027027 4.10834055726e-47 1004.03319401 0.108108108108 0.0648648648649 0.0 0.254054054054 5 0.027027027027 259.0 10.0 114.44 0.787333333333 102.63 2.23867698522 2.94110320543 0.412123361027 7.88889 341.741 2285.5 1125.55 342.969 
225 338.0 25.0 13.0 0.0 64.0 0.508875739645 1.69568057897e-72 763.111706049 0.0739644970414 0.0384615384615 0.0 0.189349112426 19 0.0562130177515 581.0 45.0 234.98 0.589 181.97 2.46726664873 4.12973687936 0.346510445676 12.7241 190.316 1833 1113.31 266.855 
691 178.0 23.0 11.0 0.0 21.0 0.589887640449 1.02677068317e-39 875.163334231 0.129213483146 0.061797752809 0.0 0.11797752809 4 0.0224719101124 199.0 18.0 63.79 1.18611 42.44 3.12 4.69 0.213 11.3529 294.884 3004.55 1198.62 380.626 
668 98.0 13.0 1.0 0.0 19.0 0.571428571429 3.99090197388e-19 586.887685467 0.132653061224 0.0102040816327 0.0 0.19387755102 6 0.0612244897959 124.0 6.0 51.01 2.36833 36.8 2.4309 3.36957 0.296774 9.41667 635.427 1958.25 1293.37 236.703 
340 132.0 13.0 7.0 0.0 26.0 0.643939393939 1.8153092258e-30 901.243920762 0.0984848484848 0.0530303030303 0.0 0.19696969697 4 0.030303030303 149.0 0.0 51.52 0.0 51.52 2.89 2.89 0.346 10.0667 287.887 1755.98 1144.54 278.9 
280 250.0 22.0 12.0 0.0 57.0 0.62 4.70635061476e-62 864.373724056 0.088 0.048 0.0 0.228 4 0.016 327.0 2.0 133.62 0.9025 130.01 2.35417310911 3.48092910142 0.422346871229 7.68421 287.266 1618.87 1056.18 218.531 
678 95.0 11.0 4.0 0.0 13.0 0.663157894737 2.76415964988e-21 732.921100784 0.115789473684 0.0421052631579 0.0 0.136842105263 2 0.0210526315789 104.0 11.0 63.38 3.15182 28.71 1.6409 3.62243 0.276058 11.8 377.244 2066.21 1226.91 280.582 
121 637.0 62.0 23.0 0.0 103.0 0.507064364207 3.57592954662e-150 780.807790211 0.0973312401884 0.0361067503925 0.0 0.16169544741 34 0.0533751962323 1647.0 78.0 591.1 1.10689581249 522.31 2.82108357241 6.10815158497 0.318068569712 11.1 161.037 2306.52 1134.22 304.27 
267 251.0 16.0 6.0 0.0 49.0 0.561752988048 1.48453646503e-56 650.680759094 0.0637450199203 0.0239043824701 0.0 0.195219123506 11 0.0438247011952 300.0 15.0 102.3 0.692335 81.53 3.07973190001 4.73455956131 0.279371229698 15.3889 278.612 2079.75 1196.44 285.013 
266 288.0 23.0 8.0 0.0 70.0 0.628472222222 3.5501226149e-74 872.843216244 0.0798611111111 0.0277777777778 0.0 0.243055555556 13 0.0451388888889 268.0 21.0 153.43 0.626905 127.1 1.3396048991 2.55887706059 1.30455591649 8.48718 258.308 1788.87 1113.86 247.709 
022 244.0 21.0 4.0 0.0 48.0 0.635245901639 8.76002188959e-62 1057.27263738 0.0860655737705 0.016393442623 0.0 0.196721311475 2 0.00819672131148 319.0 17.0 133.37 2.61765640625 110.43 2.38934833029 4.69127256061 0.35528246393 10.3704 174.754 1935.35 1117.95 281.458 
128 1129.0 114.0 31.0 0.0 174.0 0.461470327724 3.7598046652e-263 799.222886303 0.100974313552 0.0274579273694 0.0 0.154118689105 32 0.0283436669619 1344.0 84.0 383.26 1.21767460595 298.65 3.42170967392 8.81555797177 0.222866319464 15.0361 260.697 2084.52 1104.74 284.24 
129 67.0 2.0 2.0 0.0 12.0 0.686567164179 1.38067750002e-14 1049.99301155 0.0298507462687 0.0298507462687 0.0 0.179104477612 2 0.0298507462687 89.0 8.0 26.17 0.9775 18.35 3.40084 4.85014 0.20618 13.2 78.4817 1862.29 1132.49 354.899 
028 293.0 30.0 10.0 0.0 64.0 0.607508532423 3.53262867775e-73 731.837394038 0.102389078498 0.0341296928328 0.0 0.21843003413 5 0.0170648464164 286.0 19.0 127.69 0.62658 103.88 2.14634828402 3.36389913462 0.416413318386 11.0968 117.674 2170.93 1137.88 279.313 
124 232.0 16.0 7.0 0.0 42.0 0.586206896552 8.28799764595e-54 731.150831694 0.0689655172414 0.0301724137931 0.0 0.181034482759 4 0.0172413793103 324.0 0.0 205.05 0 205.05 1.72197532583 2.82244134373 0.590536212181 7.11111 253.24 1658.69 1133.71 227.191 
130 156.0 8.0 2.0 0.0 19.0 0.705128205128 1.56598839694e-40 1608.29137213 0.0512820512821 0.0128205128205 0.0 0.121794871795 16 0.102564102564 94.0 9.0 73.08 1.496668 60.95 1.25285193828 2.4561746035 0.788874172185 10.1111 135.768 1724.57 1143.14 264.441 
298 93.0 9.0 1.0 0.0 24.0 0.645161290323 3.25101377238e-20 787.393179422 0.0967741935484 0.010752688172 0.0 0.258064516129 2 0.0215053763441 89.0 9.0 31.3 0.986667 22.42 2.84345 3.96967 0.25191 10.4 192.331 2093.89 1091.8 312.914 
299 62.0 9.0 1.0 0.0 12.0 0.790322580645 3.22487726391e-15 1756.54385571 0.145161290323 0.0161290322581 0.0 0.193548387097 3 0.0483870967742 72.0 4.0 24.18 1.4175 18.51 2.97767 3.88979 0.257083 9.25 273.361 1948.18 1175.25 257.835 
296 385.0 11.0 10.0 0.0 75.0 0.548051948052 9.70922805583e-91 802.253255774 0.0285714285714 0.025974025974 0.0 0.194805194805 10 0.025974025974 529.0 57.0 215.31 1.04824899225 140.67 2.62782721722 6.18237307173 0.279913667198 11.3421 45.2712 1719.35 1168.64 235.349 
297 145.0 14.0 4.0 1.0 24.0 0.737931034483 6.93502323621e-39 963.609900996 0.0965517241379 0.0275862068966 0.00689655172414 0.165517241379 0 0.0 174.0 19.0 94.69 2.36589481481 44.44 1.89991258748 5.30034799166 0.260172842105 9.42105 318.206 1689.61 1158.19 234.21 
295 114.0 9.0 4.0 0.0 21.0 0.719298245614 1.47937188706e-28 1204.75855578 0.0789473684211 0.0350877192982 0.0 0.184210526316 9 0.0789473684211 139.0 17.0 48.85 0.95026437037 32.45 2.9230662304 5.43426169924 0.2350301133 8.66667 24.4169 1926.83 1208.11 282.986 
292 86.0 6.0 0.0 0.0 26.0 0.546511627907 9.95324078783e-16 699.395593911 0.0697674418605 0.0 0.0 0.302325581395 4 0.046511627907 95.0 11.0 53.43 2.83818 22.21 1.78 4.28 0.234 8.07692 286.903 1801.24 1072.33 353.377 
318 265.0 18.0 5.0 0.0 65.0 0.637735849057 2.67786577852e-68 1050.07321204 0.0679245283019 0.0188679245283 0.0 0.245283018868 0 0.0 292.0 18.0 121.81 1.08485586096 100.77 2.2669180335 3.68832694464 0.386707839663 12.875 308.82 2038.68 1160.95 293.817 

196 223.0 19.0 6.0 0.0 50.0 0.650224215247 6.55852459576e-57 1001.4829563 0.085201793722 0.0269058295964 0.0 0.224215246637 5 0.0224215246637 287.0 14.0 122.92 0.74643 102.02 2.45189602323 3.85030637094 0.361563093079 11.125 365.29 1720.54 1112.62 263.18 
192 194.0 16.0 7.0 0.0 36.0 0.623711340206 2.10881490231e-46 1025.2741086 0.0824742268041 0.0360824742268 0.0 0.185567010309 2 0.0103092783505 236.0 20.0 93.89 0.33 80.69 2.12912891064 3.55991272556 0.482263788969 11.381 330.377 1909.93 1107.49 285.358 
114 295.0 30.0 6.0 0.0 69.0 0.738983050847 1.44711180139e-89 1346.05299871 0.101694915254 0.0203389830508 0.0 0.233898305085 9 0.0305084745763 401.0 15.0 183.08 1.59857128571 151.69 2.29374047738 5.20035134885 0.375440629055 7.10638 70.9479 1683.12 1026.49 272.933 
274 247.0 17.0 4.0 0.0 50.0 0.63967611336 4.19170227677e-63 900.109806226 0.0688259109312 0.0161943319838 0.0 0.202429149798 10 0.0404858299595 235.0 25.0 103.0 1.40444218314 70.87 2.28039153626 5.23822815054 0.306846213213 10.3333 56.077 1927.1 1069.73 324.479 
275 182.0 13.0 4.0 0.0 39.0 0.664835164835 7.54526919545e-46 976.673706951 0.0714285714286 0.021978021978 0.0 0.214285714286 10 0.0549450549451 210.0 10.0 86.41 2.51444444444 72.75 2.35336309838 3.69993515358 0.36145732899 9.90476 284.063 2297.06 1192.27 274.303 
113 332.0 28.0 10.0 0.0 69.0 0.701807228916 1.18808187917e-97 1305.38927445 0.0843373493976 0.0301204819277 0.0 0.207831325301 10 0.0301204819277 423.0 14.0 178.73 0.642855 160.73 2.28025004959 4.71625247117 0.409474359672 8.34694 49.7939 1956.33 1079.79 288.202 
118 398.0 23.0 15.0 0.0 70.0 0.655778894472 1.08651443647e-112 1413.68642044 0.0577889447236 0.0376884422111 0.0 0.175879396985 15 0.0376884422111 550.0 41.0 228.91 1.11937402965 174.61 2.36968614598 5.59701967638 0.339594605232 10.9524 81.2307 1793.87 1100.78 244.689 
034 475.0 40.0 13.0 0.0 92.0 0.64 5.4581886401e-135 1114.67788675 0.0842105263158 0.0273684210526 0.0 0.193684210526 9 0.0189473684211 402.0 15.0 345.58 1.674 295.36 1.28379832609 3.15720890605 0.55726737555 10.48 140.415 1930.61 1137.71 292.953 
612 109.0 10.0 3.0 0.0 25.0 0.587155963303 3.05334713294e-22 814.970599176 0.0917431192661 0.0275229357798 0.0 0.229357798165 2 0.0183486238532 139.0 17.0 62.57 1.67882 34.03 2.22151 4.08463 0.24482 11.7273 324.709 2054.48 1384.47 276.128 
171 112.0 8.0 1.0 0.0 32.0 0.723214285714 4.09450237172e-28 1508.96963488 0.0714285714286 0.00892857142857 0.0 0.285714285714 3 0.0267857142857 137.0 0.0 62.91 0 62.91 2.11968161435 2.89371900826 0.473024875622 8.1875 127.12 1866.21 1199.53 252.426 
302 41.0 5.0 0.0 0.0 6.0 0.90243902439 1.42545842353e-10 1989.10008995 0.121951219512 0.0 0.0 0.146341463415 1 0.0243902439024 144.0 0.0 45.52 0.0 45.52 3.16 3.16 0.316 5.375 343.856 1744.53 1074.81 268.931 
304 86.0 10.0 1.0 0.0 17.0 0.662790697674 6.39796803628e-19 648.625951299 0.116279069767 0.0116279069767 0.0 0.197674418605 5 0.0581395348837 95.0 12.0 39.16 1.13083 25.59 2.43 3.71 0.269 11.4444 423.366 1672.95 991.697 223.386 
245 369.0 25.0 9.0 0.0 63.0 0.577235772358 6.05143484057e-91 976.386814271 0.0677506775068 0.0243902439024 0.0 0.170731707317 28 0.0758807588076 543.0 15.0 191.51 0.539137551724 178.15 3.16487307631 6.20514419153 0.309885361409 11.1765 115.784 1954.34 1124.74 304.416 
109 345.0 22.0 8.0 0.0 61.0 0.550724637681 2.75024490916e-80 817.26377638 0.063768115942 0.0231884057971 0.0 0.176811594203 26 0.0753623188406 490.0 43.0 173.3 0.605655151515 134.4 2.96132645674 5.33546119014 0.278643909066 8.62222 117.77 2201.26 1055.46 275.796 
243 446.0 25.0 11.0 0.0 69.0 0.515695067265 2.86907639169e-101 846.315302089 0.0560538116592 0.02466367713 0.0 0.154708520179 34 0.0762331838565 567.0 0.0 204.33 0 204.33 2.77980159016 3.79289617201 0.35984320844 12.1842 175.791 1992.96 1185.51 269.544 
242 490.0 50.0 6.0 0.0 92.0 0.544897959184 3.04376903362e-119 690.656109007 0.102040816327 0.0122448979592 0.0 0.187755102041 18 0.0367346938776 509.0 11.0 222.85 0.36 214.93 2.11166190711 3.83741396484 0.490226398448 9.90909 6.54858 1885.38 1085.98 286.616 
045 351.0 16.0 11.0 0.0 56.0 0.618233618234 7.33294951353e-92 969.00288469 0.045584045584 0.031339031339 0.0 0.159544159544 20 0.0569800569801 490.0 56.0 263.01 0.995832105263 174.5 1.94178761609 3.82562881912 0.382293098537 7.54902 217.244 1705.13 1097.3 238.828 
248 351.0 32.0 4.0 0.0 65.0 0.663817663818 1.39851750739e-98 898.570542631 0.0911680911681 0.011396011396 0.0 0.185185185185 5 0.014245014245 452.0 44.0 187.47 0.991020187584 150.33 2.35077488065 4.86856048778 0.340717143898 12.4118 182.335 1875.22 1159.18 275.955 
105 376.0 35.0 10.0 0.0 60.0 0.587765957447 1.24673810891e-94 836.936049601 0.093085106383 0.0265957446809 0.0 0.159574468085 19 0.0505319148936 252.0 7.0 179.89 0.4642855 173.39 1.10354893437 1.85049978079 0.273359015385 11.4706 256.106 1864.27 1067.28 246.364 
627 72.0 5.0 3.0 0.0 20.0 0.75 2.82596941212e-17 911.781407339 0.0694444444444 0.0416666666667 0.0 0.277777777778 7 0.0972222222222 82.0 10.0 36.35 1.331 23.04 2.25585 3.55903 0.280976 6.58333 447.133 2139.06 1178.38 284.547 
336 105.0 12.0 4.0 0.0 11.0 0.685714285714 9.73354692758e-25 1039.46878238 0.114285714286 0.0380952380952 0.0 0.104761904762 7 0.0666666666667 132.0 12.0 59.89 0.738333 51.03 2.20404 2.58671 0.386591 11.2 230.58 1703.36 980.194 266.251 

059 162.0 17.0 5.0 0.0 31.0 0.648148148148 5.24991622255e-39 892.304140488 0.104938271605 0.0308641975309 0.0 0.191358024691 2 0.0123456790123 166.0 18.0 73.71 1.344795 48.96 2.23011955594 4.58176436891 0.295755186722 10.4074 170.329 1760.11 1150.9 273.123 
054 121.0 11.0 2.0 0.0 20.0 0.603305785124 8.18182553401e-26 633.513883471 0.0909090909091 0.0165289256198 0.0 0.165289256198 3 0.0247933884298 0.0 0.0 72.6 0.0 72.6 0.0 0.0 0.0 10.0714 188.322 1562.03 1060.11 216.317 
055 76.0 5.0 3.0 0.0 10.0 0.697368421053 3.56685237819e-17 996.831203909 0.0657894736842 0.0394736842105 0.0 0.131578947368 3 0.0394736842105 151.0 0.0 53.5 0.0 53.5 2.82243 2.82243 0.354305 5.75 104.615 1769.28 1157.05 233.262 
056 230.0 21.0 7.0 0.0 37.0 0.730434782609 3.41117802753e-66 1239.90711391 0.0913043478261 0.0304347826087 0.0 0.160869565217 10 0.0434782608696 314.0 26.0 115.2 0.711494459459 85.75 2.92195358441 5.84435521416 0.275598104373 10.75 28.6194 1745.11 1046.16 266.996 
256 314.0 29.0 8.0 1.0 41.0 0.646496815287 2.31921727782e-84 974.762920306 0.0923566878981 0.0254777070064 0.0031847133758 0.130573248408 20 0.0636942675159 330.0 9.0 151.17 0.710555 138.04 2.03458814217 3.66725582329 0.464888312675 8.4878 160.708 2047.66 1057.82 279.868 
172 151.0 12.0 6.0 0.0 32.0 0.609271523179 8.37779906799e-34 646.664126293 0.0794701986755 0.0397350993377 0.0 0.211920529801 4 0.0264900662252 106.0 0.0 64.23 0.0 64.23 1.65032 1.65032 0.605943 10.5882 280.451 1732.63 1231.72 252.834 
052 116.0 14.0 6.0 0.0 27.0 0.741379310345 5.07389099564e-30 1183.62258049 0.120689655172 0.051724137931 0.0 0.23275862069 1 0.00862068965517 224.0 3.0 75.16 2.06 68.98 3.10680582091 4.61302636735 0.29711228777 9.33333 383.297 1715.12 1169.39 267.145 
255 144.0 21.0 5.0 0.0 29.0 0.708333333333 4.72889050247e-37 917.30405914 0.145833333333 0.0347222222222 0.0 0.201388888889 3 0.0208333333333 65.0 0.0 74.04 0 74.04 0.661751253208 1.00526174861 2.33521033058 15.5455 577.442 1495.17 1105.96 200.061 
175 548.0 47.0 22.0 0.0 100.0 0.593065693431 1.35797742806e-147 989.004090564 0.0857664233577 0.0401459854015 0.0 0.182481751825 13 0.0237226277372 706.0 18.0 235.33 0.56861 214.86 3.1506566179 6.51284429949 0.299259497482 10 124.617 2199.68 1138.8 309.973 
042 417.0 37.0 10.0 0.0 69.0 0.609112709832 1.54916592587e-110 978.697879358 0.0887290167866 0.0239808153477 0.0 0.165467625899 36 0.0863309352518 463.0 29.0 185.63 0.719697857143 153.72 2.64678145469 5.16330238216 0.326785151032 10.1364 234.931 1915 1124.6 261.802 
182 66.0 5.0 3.0 0.0 15.0 0.757575757576 9.74456668093e-16 1010.85774197 0.0757575757576 0.0454545454545 0.0 0.227272727273 1 0.0151515151515 62.0 12.0 39.75 1.94417 16.42 1.56 3.78 0.265 7.81818 291.402 1846.8 1149.03 235.585 
631 54.0 6.0 1.0 0.0 13.0 0.722222222222 7.11289103349e-12 1126.05594388 0.111111111111 0.0185185185185 0.0 0.240740740741 1 0.0185185185185 70.0 13.0 28.0 0.791538 17.71 2.5 3.95 0.253 8.5 179.629 1606.86 1098.28 223.533 
068 367.0 32.0 15.0 0.0 54.0 0.621253405995 3.29050581661e-97 899.605942538 0.0871934604905 0.0408719346049 0.0 0.147138964578 19 0.0517711171662 346.0 14.0 176.85 0.76 155.57 1.99589234078 3.45523440335 0.495874757282 13.069 348.809 2290.65 1076.62 297.532 
661 109.0 8.0 2.0 0.0 23.0 0.651376146789 1.35378150512e-24 1112.74831811 0.0733944954128 0.0183486238532 0.0 0.211009174312 7 0.0642201834862 140.0 8.0 52.47 1.6425 39.33 2.66819 3.55962 0.280929 10.25 299.998 2398.44 1115.55 346.847 
229 125.0 12.0 1.0 0.0 32.0 0.808 1.1349967899e-35 1323.67444571 0.096 0.008 0.0 0.256 2 0.016 70.0 0.0 68.83 0 68.83 1.01312367341 1.4769040209 0.987153846154 9.58823 313.916 1681.26 1099.05 240.449 
227 203.0 21.0 10.0 0.0 43.0 0.625615763547 4.43017136382e-49 915.787490047 0.103448275862 0.0492610837438 0.0 0.211822660099 7 0.0344827586207 207.0 12.0 107.84 1.2075 78.53 1.87965299437 3.17512391541 0.441531803681 6.74286 56.6927 2059.86 1038.71 295.105 
166 293.0 22.0 9.0 0.0 65.0 0.631399317406 4.99880146801e-76 971.001084607 0.0750853242321 0.0307167235495 0.0 0.221843003413 7 0.0238907849829 370.0 62.0 168.85 1.05990257937 96.3 2.34034368471 6.37025717886 0.290975461373 9.72222 29.5289 2005.87 1121.02 326.375 
167 392.0 36.0 9.0 0.0 74.0 0.573979591837 5.29974241377e-97 972.482275133 0.0918367346939 0.0229591836735 0.0 0.188775510204 24 0.0612244897959 233.0 17.0 153.47 0.600237086957 143.69 2.17950721591 5.91614597733 0.274319148936 10.9474 164.561 1977.78 1132.74 279.739 
150 347.0 28.0 9.0 0.0 71.0 0.587896253602 3.10820660175e-86 942.231296104 0.0806916426513 0.0259365994236 0.0 0.204610951009 19 0.0547550432277 448.0 13.0 153.37 0.692246565217 140.19 2.78159831787 5.22766024254 0.342483206405 10.3684 138.522 2352.02 1104.33 268.102 
155 265.0 15.0 7.0 0.0 53.0 0.649056603774 1.69153932083e-69 1263.02512217 0.0566037735849 0.0264150943396 0.0 0.2 4 0.0150943396226 225.0 15.0 191.37 0.970665 162.25 0.834282513646 1.47172327778 0.287373267327 9.64516 192.204 1829.3 1091.21 223.21 
073 275.0 15.0 9.0 0.0 54.0 0.643636363636 5.74498205792e-72 981.277015473 0.0545454545455 0.0327272727273 0.0 0.196363636364 13 0.0472727272727 388.0 41.0 207.73 1.41954175906 139.54 1.90131031597 3.76289732767 0.389406107394 9.58065 212.171 1938.61 1151.51 239.32 
071 500.0 42.0 13.0 0.0 97.0 0.666 5.07099417592e-149 976.909795048 0.084 0.026 0.0 0.194 36 0.072 532.0 67.0 206.02 1.07154421707 136.52 2.58950545543 8.33690616577 0.251487868727 6.25301 191.323 1838.67 1055.19 291.085 
158 455.0 28.0 12.0 0.0 94.0 0.606593406593 8.99831093872e-122 1078.83991982 0.0615384615385 0.0263736263736 0.0 0.206593406593 30 0.0659340659341 579.0 17.0 220.42 1.15683750997 192.65 2.78476512591 5.65912694617 0.324184278721 7.79032 201.003 2214.81 1134 263.418 
232 339.0 29.0 5.0 0.0 58.0 0.536873156342 1.04256481239e-76 742.73604044 0.0855457227139 0.0147492625369 0.0 0.171091445428 19 0.0560471976401 386.0 31.0 140.82 1.55278865385 105.33 2.62063203887 5.32039425814 0.279442854545 11.2121 132.476 1862.71 1145.52 258.364 
322 158.0 10.0 3.0 0.0 33.0 0.715189873418 1.01400153804e-41 1035.20104511 0.0632911392405 0.0189873417722 0.0 0.208860759494 1 0.00632911392405 224.0 27.0 90.63 1.42723307692 55.4 2.39029347419 5.40697006565 0.248705650307 11.2353 253.169 1787.5 995.572 278.914 
323 252.0 15.0 6.0 0.0 35.0 0.559523809524 1.35336960555e-56 846.493690625 0.0595238095238 0.0238095238095 0.0 0.138888888889 5 0.0198412698413 342.0 44.0 134.49 1.17121533333 84.24 2.47295051648 5.30232844032 0.250425172131 8.09091 197.938 1907.3 1128.49 267.721 
146 116.0 12.0 1.0 0.0 13.0 0.620689655172 2.98015661501e-25 743.204876122 0.103448275862 0.00862068965517 0.0 0.112068965517 5 0.0431034482759 152.0 15.0 48.43 0.694667 38.01 3.13855 3.99895 0.250066 8.78571 265.774 2074.38 1117.47 342.852 
145 217.0 16.0 7.0 0.0 42.0 0.608294930876 1.29391872189e-51 717.238802019 0.073732718894 0.0322580645161 0.0 0.193548387097 9 0.0414746543779 344.0 15.0 114.48 0.513665 99.07 3.07160283795 4.99388719431 0.297559516605 8.72414 302.019 1992.52 1136.22 277.613 
142 224.0 19.0 5.0 1.0 44.0 0.660714285714 4.04523161057e-58 891.888991573 0.0848214285714 0.0223214285714 0.00446428571429 0.196428571429 11 0.0491071428571 208.0 18.0 116.43 0.712461538462 96.92 1.6218136817 2.5697091619 0.608708081742 8.58621 107.415 1666.24 1032.83 266.365 
143 77.0 6.0 2.0 0.0 18.0 0.714285714286 7.58746444646e-18 943.245362586 0.0779220779221 0.025974025974 0.0 0.233766233766 2 0.025974025974 89.0 6.0 32.34 1.68 22.26 2.75 4.0 0.25 12.4286 181.648 1305.06 945.973 185.371 
140 209.0 28.0 7.0 0.0 41.0 0.645933014354 2.08325041435e-52 921.234554779 0.133971291866 0.0334928229665 0.0 0.196172248804 11 0.0526315789474 304.0 6.0 112.79 1.28 97.43 2.7726707231 3.52259057443 0.321812859504 9.91667 163.028 1992.4 1111.89 272.168 
141 343.0 36.0 12.0 0.0 77.0 0.6472303207 1.35573991599e-93 953.958126525 0.104956268222 0.0349854227405 0.0 0.224489795918 12 0.0349854227405 370.0 26.0 176.98 1.12784441176 130.9 2.18832857376 4.93164383729 0.366894247015 8.62222 193.128 1795.48 1123.6 279.747 
209 256.0 23.0 3.0 0.0 45.0 0.55078125 9.38203841878e-57 692.983336957 0.08984375 0.01171875 0.0 0.17578125 9 0.03515625 259.0 40.0 149.38 1.39161945946 76.66 2.29642871028 5.45942196289 0.288916336516 10.725 197.016 2221.1 1138.77 303.073 
208 273.0 16.0 7.0 0.0 57.0 0.545787545788 1.27920845872e-60 844.158684672 0.0586080586081 0.025641025641 0.0 0.208791208791 3 0.010989010989 318.0 24.0 163.02 0.524864918919 144.54 1.88764464932 3.42313319632 0.487443349756 9.74194 166.382 1870.24 1089.57 243.972 
086 777.0 81.0 13.0 0.0 132.0 0.590733590734 1.2415497909e-219 947.645176878 0.104247104247 0.016731016731 0.0 0.169884169884 22 0.028314028314 914.0 43.0 308.51 0.803409092308 264.6 2.94196758494 5.69641633937 0.299011849328 10.8026 121.696 2438.75 1157.97 291.34 
002 576.0 38.0 24.0 0.0 104.0 0.581597222222 2.61605715899e-153 973.412138891 0.0659722222222 0.0416666666667 0.0 0.180555555556 19 0.0329861111111 761.0 13.0 278.36 0.2892305 270.84 2.55107683286 5.03241052512 0.397187129278 10.5246 163.069 2164.1 1102.89 269.859 
006 404.0 24.0 9.0 0.0 59.0 0.556930693069 1.73018212254e-97 803.336722123 0.0594059405941 0.0222772277228 0.0 0.14603960396 24 0.0594059405941 427.0 46.0 166.43 0.95260649052 120.68 2.60467611551 6.96101324808 0.277056599217 11.9474 300.71 1841.02 1071.75 259.816 
684 143.0 13.0 8.0 0.0 27.0 0.573426573427 6.89133580682e-30 736.406479467 0.0909090909091 0.0559440559441 0.0 0.188811188811 3 0.020979020979 174.0 24.0 87.93 1.73 46.41 1.97885 3.74919 0.266724 8.1 55.064 2021.91 1195.37 232.605 
107 115.0 7.0 4.0 0.0 24.0 0.704347826087 2.87589723775e-28 834.582625343 0.0608695652174 0.0347826086957 0.0 0.208695652174 0 0.0 78.0 6.0 76.99 1.54167 67.74 1.09113988152 1.79480879121 0.831586956522 8.5 115.918 1760.33 1193.85 281.876 
688 88.0 10.0 3.0 0.0 18.0 0.727272727273 2.92592360134e-21 1037.05742515 0.113636363636 0.0340909090909 0.0 0.204545454545 4 0.0454545454545 123.0 16.0 43.0 0.78625 30.42 2.86047 4.04339 0.247317 9.36364 231.43 1525.99 901.369 273.08 
021 458.0 31.0 15.0 1.0 97.0 0.620087336245 2.05042411407e-125 1021.19702129 0.0676855895197 0.0327510917031 0.00218340611354 0.211790393013 25 0.0545851528384 570.0 22.0 191.11 0.993112199693 164.12 3.10570987881 6.60680670659 0.282373162117 9.88461 196.246 2530.04 1122.95 312.693 
686 181.0 14.0 4.0 0.0 25.0 0.524861878453 4.08214417187e-36 612.798470322 0.0773480662983 0.0220994475138 0.0 0.138121546961 7 0.0386740331492 211.0 17.0 61.16 0.898823 45.88 3.45 4.6 0.217 15.75 85.959 2158.63 1096.39 398.178 
