216 110.0 12.0 0.0 0.0 16.0 0.581818181818 2.77263847003e-22 568.039703696 0.109090909091 0.0 0.0 0.145454545455 9 0.0818181818182 108.0 12.0 37.42 0.926667 26.3 2.88616 4.10646 0.243519 8.71429 229.783 1775.94 1072.38 268.38 
458 76.0 5.0 0.0 0.0 15.0 0.671052631579 1.48920203481e-16 959.214932063 0.0657894736842 0.0 0.0 0.197368421053 5 0.0657894736842 103.0 7.0 32.1 1.43286 22.07 3.20872 4.66697 0.214272 6.75 100.117 2021.34 1044.73 366.795 
213 296.0 56.0 7.0 0.0 43.0 0.60472972973 1.02423429597e-73 776.072309262 0.189189189189 0.0236486486486 0.0 0.14527027027 9 0.0304054054054 463.0 28.0 245.72 1.51891217391 186.39 1.8569169362 3.9263868808 0.442257522124 7.04255 112.592 1924.9 1096.09 253.462 
091 236.0 10.0 1.0 0.0 47.0 0.572033898305 1.39118579269e-53 821.392616413 0.0423728813559 0.00423728813559 0.0 0.199152542373 7 0.0296610169492 326.0 17.0 129.48 2.5745808 85.8 2.54540600623 6.79101386446 0.25164744135 10.9167 91.7975 2545.17 1205.7 359.048 
127 41.0 4.0 0.0 0.0 7.0 0.780487804878 3.05141471709e-09 1290.22708538 0.0975609756098 0.0 0.0 0.170731707317 0 0.0 46.0 0.0 25.08 0.0 25.08 1.83413 1.83413 0.545217 13 1103.12 1954.08 1535.17 188.487 
094 292.0 35.0 8.0 0.0 56.0 0.688356164384 1.7201952009e-82 1101.20434031 0.119863013699 0.027397260274 0.0 0.191780821918 13 0.0445205479452 309.0 16.0 168.81 1.12143 147.49 1.79149753403 3.29212072273 0.495108367988 7.775 222.57 1823.62 1046.07 241.374 
218 178.0 28.0 1.0 0.0 31.0 0.713483146067 6.95743009783e-48 816.580972266 0.157303370787 0.00561797752809 0.0 0.174157303371 9 0.0505617977528 268.0 17.0 122.4 0.842645 93.75 2.29148303338 3.52090924758 0.364013276596 4.46875 28.3823 2175.38 1094.15 288.617 
097 40.0 5.0 1.0 0.0 8.0 0.775 6.38944512138e-09 993.277194623 0.125 0.025 0.0 0.2 0 0.0 62.0 0.0 24.37 0.0 24.37 2.54411 2.54411 0.393065 6.71429 345.914 1790.97 1086 278.345 
010 913.0 78.0 28.0 0.0 150.0 0.552026286966 6.41578999934e-247 802.192081654 0.0854326396495 0.0306681270537 0.0 0.164293537788 31 0.0339539978094 970.0 53.0 374.88 0.753077644364 318.73 2.56820387817 5.36809420778 0.343219131751 9.62245 180.919 2205.84 1131 272.076 
014 126.0 18.0 1.0 0.0 20.0 0.555555555556 5.50452950438e-25 612.608075659 0.142857142857 0.00793650793651 0.0 0.15873015873 1 0.00793650793651 205.0 3.0 82.33 0.973333 79.41 2.48998 2.58154 0.387366 8.53333 300.744 2026.74 1052.65 239.121 
134 275.0 26.0 5.0 0.0 44.0 0.705454545455 8.25962766981e-79 1245.34353317 0.0945454545455 0.0181818181818 0.0 0.16 14 0.0509090909091 452.0 0.0 166.3 0 166.3 2.77791473175 5.04802138686 0.363219577396 11.4 12.7358 1756.11 1078.14 264.021 
018 271.0 36.0 2.0 0.0 37.0 0.461254612546 6.6070619013e-51 675.824803021 0.132841328413 0.00738007380074 0.0 0.136531365314 45 0.166051660517 429.0 21.0 176.66 0.943333 156.85 2.42839 2.7351 0.365618 9.38889 372.814 1845.69 1140.92 265.215 
497 137.0 10.0 6.0 0.0 20.0 0.489051094891 2.39085991147e-24 681.715609521 0.0729927007299 0.043795620438 0.0 0.14598540146 20 0.14598540146 173.0 0.0 59.49 0.0 59.49 2.90805 2.90805 0.343873 7.74074 177.581 2207.08 1129.57 263.89 
492 131.0 11.0 2.0 0.0 18.0 0.564885496183 1.40642792239e-26 559.564556709 0.0839694656489 0.0152671755725 0.0 0.137404580153 8 0.0610687022901 143.0 23.0 60.91 1.15087 34.44 2.34773 4.15215 0.240839 13 202.742 1693.7 1105.16 274.279 
493 280.0 43.0 3.0 0.0 50.0 0.592857142857 9.38299579155e-68 677.047055338 0.153571428571 0.0107142857143 0.0 0.178571428571 6 0.0214285714286 344.0 23.0 129.32 3.82911093333 103.97 2.70302852767 4.26431347047 0.308588488613 8.13158 170.97 1676.45 1076.81 286.622 
690 90.0 13.0 3.0 0.0 16.0 0.622222222222 8.76595451368e-19 683.984878304 0.144444444444 0.0333333333333 0.0 0.177777777778 12 0.133333333333 118.0 16.0 51.25 1.3625 29.45 2.30244 4.00679 0.249576 11.1429 112.529 1749.94 989.214 308.316 

698 80.0 6.0 2.0 0.0 12.0 0.6375 9.67158737039e-17 606.609933354 0.075 0.025 0.0 0.15 3 0.0375 110.0 15.0 68.23 2.76533 26.75 1.61219 4.11215 0.243182 8.72727 50.7683 1684.67 1100.94 289.494 
344 141.0 11.0 3.0 0.0 24.0 0.581560283688 8.33806748426e-30 704.943868951 0.0780141843972 0.0212765957447 0.0 0.170212765957 9 0.063829787234 156.0 21.0 76.74 1.75476 39.89 2.03284 3.91075 0.255705 11.8182 285.766 1767.81 1095.31 271.871 
346 97.0 9.0 2.0 0.0 14.0 0.659793814433 1.04638254427e-21 635.766954965 0.0927835051546 0.020618556701 0.0 0.144329896907 3 0.0309278350515 104.0 5.0 30.97 1.202 24.96 3.35809 4.16667 0.24 7.73333 245.229 1882.25 1097.29 376.968 
650 162.0 20.0 4.0 0.0 26.0 0.58024691358 5.37554032927e-35 769.238560619 0.123456790123 0.0246913580247 0.0 0.16049382716 17 0.104938271605 257.0 24.0 98.07 1.31542 66.5 2.62058 3.86466 0.258755 8.70588 381.957 2193.95 1218.28 295.765 
341 77.0 6.0 0.0 0.0 12.0 0.623376623377 1.14549568252e-15 603.677032055 0.0779220779221 0.0 0.0 0.155844155844 4 0.0519480519481 86.0 11.0 60.0 3.41727 22.41 1.43333 3.83757 0.260581 9 503.345 1693.24 1228.57 244.598 
342 107.0 12.0 5.0 0.0 19.0 0.626168224299 3.67419614942e-23 679.843565525 0.11214953271 0.0467289719626 0.0 0.177570093458 9 0.0841121495327 147.0 14.0 64.87 2.38429 31.49 2.26607 4.66815 0.214218 8.51613 143.486 1955.41 1183.07 304.695 
343 79.0 11.0 3.0 0.0 11.0 0.683544303797 1.23635336899e-17 683.145752865 0.139240506329 0.0379746835443 0.0 0.139240506329 6 0.0759493670886 85.0 7.0 40.46 1.83714 27.6 2.10084 3.07971 0.324706 5.57143 195.319 1970.71 1073.26 239.866 
283 277.0 31.0 10.0 0.0 47.0 0.599277978339 1.26031505849e-67 687.206172313 0.111913357401 0.0361010830325 0.0 0.169675090253 6 0.0216606498195 294.0 16.0 91.84 0.779523809524 79.87 3.24171859676 5.44129529313 0.262647482014 9.54545 350.604 2011.13 1168.02 260.831 
282 338.0 27.0 11.0 0.0 68.0 0.544378698225 1.66758883821e-77 646.278712293 0.0798816568047 0.0325443786982 0.0 0.201183431953 8 0.0236686390533 423.0 2.0 166.05 0.2525 165.04 2.3334045912 3.86966454593 0.449845224806 11 152.833 1693.23 1090.23 215.338 
349 165.0 18.0 1.0 0.0 28.0 0.593939393939 1.39086385819e-36 571.877438245 0.109090909091 0.00606060606061 0.0 0.169696969697 6 0.0363636363636 173.0 21.0 125.75 1.23794684615 93.79 1.255185975 2.04395478071 0.706153826715 7.32143 224.162 1871.45 1109.35 280.835 
674 38.0 2.0 0.0 0.0 5.0 0.736842105263 5.02805226778e-08 552.924258816 0.0526315789474 0.0 0.0 0.131578947368 3 0.0789473684211 63.0 6.0 28.75 2.24167 15.3 2.19 4.12 0.243 8 106.556 1522.91 1021.43 238.426 
663 52.0 4.0 1.0 0.0 9.0 0.769230769231 4.72474019048e-12 980.57333922 0.0769230769231 0.0192307692308 0.0 0.173076923077 3 0.0576923076923 65.0 5.0 28.18 1.92 18.58 2.31 3.5 0.286 8.28571 63.5215 1443.13 1012 209.105 
676 48.0 6.0 0.0 0.0 9.0 0.770833333333 5.44530544561e-11 1555.14814457 0.125 0.0 0.0 0.1875 0 0.0 44.0 5.0 20.74 1.412 13.68 2.1215 3.21637 0.310909 11.8 39.4284 1660.01 991.29 319.311 
122 169.0 15.0 4.0 3.0 28.0 0.680473372781 5.31924237809e-43 732.01991723 0.0887573964497 0.0236686390533 0.0177514792899 0.165680473373 8 0.0473372781065 416.0 0.0 137.18 0 137.18 3.46334315429 5.43829653184 0.301889493333 10.2222 296.935 1827.72 1093.93 254.911 
125 48.0 7.0 0.0 0.0 8.0 0.645833333333 2.51449670481e-09 579.094203985 0.145833333333 0.0 0.0 0.166666666667 4 0.0833333333333 100.0 0.0 55.11 0.0 55.11 1.81455 1.81455 0.5511 3.81818 361.425 1810.02 1136.31 235.919 
023 180.0 24.0 10.0 0.0 35.0 0.683333333333 1.69529198564e-46 815.877994493 0.133333333333 0.0555555555556 0.0 0.194444444444 4 0.0222222222222 315.0 6.0 165.5 0.513335 159.34 1.97766198576 2.97032718584 0.494953615385 8.40909 281.305 2218.26 1092.79 304.365 
264 118.0 16.0 4.0 0.0 14.0 0.728813559322 3.98101960502e-30 1048.12854487 0.135593220339 0.0338983050847 0.0 0.118644067797 6 0.0508474576271 133.0 21.0 87.98 1.73667 51.51 1.51171 2.58202 0.387293 7.8125 339.278 1495.34 989.918 215.534 
269 338.0 43.0 8.0 1.0 48.0 0.600591715976 1.96759234477e-85 754.956014936 0.127218934911 0.0236686390533 0.00295857988166 0.14201183432 32 0.094674556213 551.0 6.0 220.4 0.880625 214.6 2.48414039435 3.47028552011 0.392994738003 11.4333 378.934 1903.9 1129.16 258.721 
268 295.0 40.0 9.0 0.0 49.0 0.528813559322 2.67166074102e-64 675.951288583 0.135593220339 0.0305084745763 0.0 0.166101694915 7 0.0237288135593 279.0 0.0 217.21 0.0 217.21 1.28447 1.28447 0.77853 11.8846 132.87 1829.19 1030.02 259.556 
029 430.0 49.0 10.0 0.0 72.0 0.43488372093 5.55048333556e-82 593.323615896 0.113953488372 0.0232558139535 0.0 0.167441860465 25 0.0581395348837 185.0 0.0 198.78 0 198.78 1.55080623336 2.53147 0.395027 11.3158 279.49 2193.14 1190.49 265.491 
293 50.0 7.0 2.0 0.0 12.0 0.78 1.16715362197e-11 736.220335212 0.14 0.04 0.0 0.24 0 0.0 66.0 0.0 48.83 0.0 48.83 1.35163 1.35163 0.739848 4.21429 269.721 1888.44 1165.44 266.603 
539 208.0 23.0 3.0 0.0 27.0 0.471153846154 3.28787935829e-38 540.881444825 0.110576923077 0.0144230769231 0.0 0.129807692308 24 0.115384615385 263.0 0.0 100.58 0.0 100.58 2.61483 2.61483 0.382433 8.35 20.9741 1238.86 873.853 266.998 
291 78.0 4.0 2.0 0.0 18.0 0.75641025641 3.8059146331e-19 1116.33581559 0.0512820512821 0.025641025641 0.0 0.230769230769 4 0.0512820512821 105.0 11.0 61.32 2.88513777778 29.04 1.78206844989 4.59891653979 0.28483115625 5.86667 177.187 1864.08 1109.33 291.861 
591 131.0 16.0 8.0 0.0 28.0 0.63358778626 1.0091822562e-29 650.864879776 0.12213740458 0.0610687022901 0.0 0.213740458015 9 0.0687022900763 181.0 26.0 77.27 1.24846 44.81 2.34244 4.03928 0.247569 9.76923 414.38 2353.69 1269.11 321.611 
319 120.0 32.0 3.0 0.0 18.0 0.483333333333 1.26542227595e-20 430.687543824 0.266666666667 0.025 0.0 0.15 0 0.0 140.0 0.0 67.34 0.0 66.95 2.079 2.09111 0.478214 7.69231 384.611 1730.22 1152.86 265.008 
592 108.0 2.0 0.0 0.0 17.0 0.564814814815 3.41656667922e-21 590.661186118 0.0185185185185 0.0 0.0 0.157407407407 6 0.0555555555556 0.0 0.0 73.24 0.0 73.24 0.0 0.0 0.0 9.84615 159.392 1563.61 1140.83 220.75 
595 91.0 4.0 0.0 0.0 14.0 0.626373626374 3.76024121435e-19 697.908496014 0.043956043956 0.0 0.0 0.153846153846 7 0.0769230769231 0.0 0.0 49.94 0.0 49.94 0.0 0.0 0.0 7.61538 163.716 1682.48 1186.22 265.349 

311 29.0 1.0 0.0 0.0 4.0 0.758620689655 4.91468024794e-06 804.318898844 0.0344827586207 0.0 0.0 0.137931034483 1 0.0344827586207 39.0 0.0 38.44 0.0 38.44 1.01457 1.01457 0.985641 4.42857 510.174 1545.19 1071.01 213.526 
310 73.0 2.0 2.0 0.0 15.0 0.671232876712 8.61062500347e-16 1014.4757794 0.027397260274 0.027397260274 0.0 0.205479452055 2 0.027397260274 70.0 1.0 37.47 0.59 36.88 1.86816 1.89805 0.526857 6.7 486.81 1743.25 1142.77 266.909 
203 186.0 16.0 1.0 0.0 28.0 0.650537634409 4.88848254358e-46 722.660700659 0.0860215053763 0.00537634408602 0.0 0.150537634409 17 0.0913978494624 146.0 36.0 184.17 0.706945 133.27 0.735075279566 1.25656269498 1.17869728205 7.08696 183.312 2017.5 1097.09 255.921 
702 51.0 4.0 3.0 0.0 9.0 0.764705882353 1.02750966776e-11 1331.90473736 0.078431372549 0.0588235294118 0.0 0.176470588235 3 0.0588235294118 92.0 0.0 25.6 0.0 25.6 3.59 3.59 0.278 8.57143 563.582 1899.08 1152.01 244.095 
703 53.0 6.0 0.0 0.0 11.0 0.735849056604 8.02203918655e-12 672.467589144 0.11320754717 0.0 0.0 0.207547169811 1 0.0188679245283 62.0 2.0 21.09 3.76 13.57 2.93978 4.5689 0.218871 10.1667 206.478 1818.47 1004.6 301.65 
270 190.0 17.0 6.0 0.0 47.0 0.668421052632 1.77303901441e-48 826.862020917 0.0894736842105 0.0315789473684 0.0 0.247368421053 12 0.0631578947368 268.0 36.0 132.43 0.769836065574 98.17 2.08699015676 3.7996792636 0.380859145631 9.04878 166.328 2030.34 1167.17 312.337 
271 44.0 3.0 1.0 0.0 8.0 0.75 1.12564170813e-09 903.898972067 0.0681818181818 0.0227272727273 0.0 0.181818181818 0 0.0 57.0 6.0 26.95 1.94833 15.26 2.11503 3.73526 0.267719 17.3333 639.26 1536.85 1060.35 182.792 
276 156.0 23.0 2.0 0.0 27.0 0.551282051282 7.57812822344e-32 628.695718195 0.147435897436 0.0128205128205 0.0 0.173076923077 6 0.0384615384615 260.0 18.0 111.1 0.752778 97.55 2.34023 2.6653 0.375192 6.92308 331.303 2029.69 1158.15 296.945 
279 206.0 25.0 4.0 0.0 39.0 0.679611650485 3.54541607503e-54 899.837252366 0.121359223301 0.0194174757282 0.0 0.18932038835 6 0.0291262135922 230.0 5.0 106.87 0.602 103.86 2.14978951365 2.74845599547 0.450949103448 7.21875 331.142 1870.95 1079.6 256.041 
035 204.0 28.0 5.0 0.0 36.0 0.671568627451 6.17746175494e-53 988.810415429 0.137254901961 0.0245098039216 0.0 0.176470588235 15 0.0735294117647 348.0 0.0 144.76 0 144.76 2.47635017021 3.66321197686 0.405520710059 9.5 395.26 1595.07 1100.22 211.512 

257 325.0 38.0 8.0 1.0 49.0 0.550769230769 6.47925292551e-75 749.378536025 0.116923076923 0.0246153846154 0.00307692307692 0.150769230769 17 0.0523076923077 385.0 28.0 156.84 0.649761666667 137.33 2.51689172587 4.2367477202 0.351135012195 8.11111 157.141 2047.5 1043.58 281.248 
526 169.0 27.0 7.0 0.0 21.0 0.520710059172 4.47800989614e-33 576.629500018 0.159763313609 0.0414201183432 0.0 0.12426035503 14 0.0828402366864 188.0 25.0 62.48 0.896 40.08 3.00896 4.69062 0.213191 12.2308 59.4258 1839.51 1037.27 309.162 
527 185.0 27.0 1.0 0.0 33.0 0.583783783784 3.97191366426e-41 644.354070178 0.145945945946 0.00540540540541 0.0 0.178378378378 8 0.0432432432432 251.0 25.0 109.79 1.85045689655 62.94 2.1638722035 6.02791873144 0.244674681462 11.4706 287.867 1676.24 951.676 320.456 
368 69.0 8.0 0.0 0.0 12.0 0.68115942029 5.49193389788e-15 864.259072647 0.115942028986 0.0 0.0 0.173913043478 0 0.0 74.0 0.0 43.75 0.0 42.75 1.69143 1.73099 0.577703 6.90909 345.504 1684.21 1071.28 254.9 
369 102.0 13.0 1.0 0.0 21.0 0.607843137255 2.83152397273e-21 566.060048406 0.127450980392 0.00980392156863 0.0 0.205882352941 13 0.127450980392 169.0 0.0 105.27 0.0 105.27 1.6054 1.6054 0.622899 9.55556 421.897 1637.23 1035.59 231.088 
362 150.0 17.0 5.0 0.0 26.0 0.666666666667 1.24306610782e-36 701.964922276 0.113333333333 0.0333333333333 0.0 0.173333333333 10 0.0666666666667 156.0 20.0 61.1 0.736277090909 46.07 2.42143031111 4.02158470878 0.330774987654 7 163.181 1608.48 1052.48 227.508 
360 65.0 7.0 2.0 0.0 10.0 0.646153846154 2.73218711245e-13 543.874006993 0.107692307692 0.0307692307692 0.0 0.153846153846 3 0.0461538461538 82.0 0.0 30.67 0.0 30.67 2.67362 2.67362 0.374024 8.2 299.463 1763.93 1088.18 296.917 
587 102.0 11.0 1.0 0.0 17.0 0.588235294118 1.30274165404e-20 634.294791083 0.107843137255 0.00980392156863 0.0 0.166666666667 6 0.0588235294118 118.0 18.0 52.0 1.28556 28.86 2.26923 4.0887 0.244576 9.18182 88.5039 1531.79 988.864 271.533 
581 143.0 10.0 1.0 1.0 16.0 0.51048951049 1.09389951236e-26 561.926895482 0.0699300699301 0.00699300699301 0.00699300699301 0.111888111888 12 0.0839160839161 146.0 20.0 75.7 1.7625 40.45 1.92867 3.60939 0.277055 16 301.547 1867.92 1222.49 302.446 
244 248.0 20.0 11.0 0.0 32.0 0.5 1.02215936102e-49 824.755578951 0.0806451612903 0.0443548387097 0.0 0.129032258065 10 0.0403225806452 281.0 41.0 179.4 2.18317 89.89 1.56633 3.12604 0.319893 8.96 376.174 1721.48 950.12 205.144 
247 107.0 17.0 1.0 0.0 15.0 0.607476635514 1.71735067184e-22 694.262871313 0.158878504673 0.00934579439252 0.0 0.140186915888 0 0.0 108.0 0.0 86.25 0.0 86.25 1.25217 1.25217 0.798611 9.7 285.825 1917.57 1155.87 297.783 
049 213.0 29.0 5.0 0.0 42.0 0.680751173709 1.96570339494e-56 937.819562496 0.136150234742 0.0234741784038 0.0 0.197183098592 8 0.037558685446 240.0 0.0 97.06 0 97.06 2.4664858373 3.58778604078 0.405445626741 7.62069 33.6272 1946.02 1159.51 268.228 
046 128.0 13.0 5.0 0.0 25.0 0.6875 2.53111128834e-31 772.643655538 0.1015625 0.0390625 0.0 0.1953125 4 0.03125 293.0 8.0 123.98 0.581875 114.32 2.1717789633 3.5398376474 0.449385008081 5.07692 156.63 1719.4 1130.24 234.616 
043 86.0 8.0 2.0 0.0 13.0 0.627906976744 5.80254877084e-18 803.560895132 0.093023255814 0.0232558139535 0.0 0.151162790698 2 0.0232558139535 116.0 0.0 72.4 0.0 72.4 1.60221 1.60221 0.624138 7.83333 218.08 1543 1079.54 230.2 
381 161.0 15.0 1.0 0.0 24.0 0.658385093168 2.52705927093e-39 1063.28883118 0.0931677018634 0.00621118012422 0.0 0.149068322981 20 0.124223602484 225.0 14.0 85.38 0.55893 69.73 2.61781836306 4.16925007078 0.337592238636 8.47368 366.511 1834.34 1192.35 236.636 
640 55.0 4.0 3.0 0.0 12.0 0.727272727273 3.26291867329e-12 870.181344747 0.0727272727273 0.0545454545455 0.0 0.218181818182 1 0.0181818181818 70.0 1.0 26.12 0.35 25.77 2.68 2.72 0.368 10.1667 514.186 1932.21 1199.89 231.17 
642 91.0 15.0 1.0 0.0 13.0 0.725274725275 4.63488793115e-22 994.590245332 0.164835164835 0.010989010989 0.0 0.142857142857 6 0.0659340659341 103.0 16.0 44.0 1.17625 25.18 2.34091 4.09055 0.244466 7.21429 136.908 2317.08 1088.02 360.81 
648 66.0 7.0 0.0 0.0 9.0 0.772727272727 4.8813256558e-16 927.967407126 0.106060606061 0.0 0.0 0.136363636364 3 0.0454545454545 157.0 0.0 44.71 0.0 44.71 3.51152 3.51152 0.284777 6.27273 412.929 1805.46 1151.05 253.26 
515 81.0 9.0 1.0 0.0 14.0 0.716049382716 5.44249914305e-19 1106.92131095 0.111111111111 0.0123456790123 0.0 0.172839506173 6 0.0740740740741 100.0 8.0 31.51 0.82125 24.94 3.1736 4.00962 0.2494 10.3333 288.645 1983.32 1169.38 343.698 
089 155.0 15.0 7.0 0.0 24.0 0.496774193548 1.48537385291e-28 602.341216997 0.0967741935484 0.0451612903226 0.0 0.154838709677 0 0.0 295.0 0.0 91.33 0.0 91.33 3.23004 3.23004 0.309593 9.77778 359.299 1741.76 1177.49 233.097 
620 111.0 11.0 2.0 0.0 19.0 0.612612612613 1.12583871253e-23 604.704185033 0.0990990990991 0.018018018018 0.0 0.171171171171 1 0.00900900900901 130.0 12.0 56.57 1.98 32.81 2.29804 3.96221 0.252385 8.70588 215.4 1902.64 1198.01 342.287 
339 75.0 1.0 3.0 0.0 13.0 0.453333333333 3.02626052146e-11 490.400638118 0.0133333333333 0.04 0.0 0.173333333333 6 0.08 82.0 13.0 48.4 2.18 20.06 1.69421 4.08774 0.244634 5.83333 376.693 1819.95 1264.87 232.141 
450 173.0 16.0 4.0 0.0 33.0 0.705202312139 8.87425581918e-46 1187.13749818 0.0924855491329 0.0231213872832 0.0 0.190751445087 9 0.0520231213873 206.0 18.0 100.19 2.7169112 52.93 1.98827672614 5.12659341434 0.259682117057 11.0526 98.4746 1850.92 1033.85 234.529 
334 376.0 41.0 5.0 0.0 68.0 0.523936170213 1.96570843214e-84 714.523951339 0.109042553191 0.0132978723404 0.0 0.18085106383 17 0.0452127659574 199.0 16.0 69.13 1.61688 43.26 2.87863 4.60009 0.217387 9.53333 279.806 2215.14 1127.84 299.484 
337 68.0 4.0 5.0 0.0 9.0 0.661764705882 2.47526284649e-14 549.752673812 0.0588235294118 0.0735294117647 0.0 0.132352941176 3 0.0441176470588 69.0 11.0 38.47 1.96273 16.88 1.79361 4.08768 0.244638 6.66667 14.6594 2066.07 1052.91 293.53 
058 389.0 31.0 8.0 0.0 58.0 0.627249357326 5.35339206211e-105 1170.27352356 0.0796915167095 0.0205655526992 0.0 0.149100257069 22 0.0565552699229 516.0 12.0 236.2 0.70625 219.25 2.44735758006 4.92878400148 0.398840168358 12.1515 229.356 1606.11 1063.72 216.702 
178 108.0 4.0 0.0 0.0 16.0 0.555555555556 7.39783806647e-21 677.807918496 0.037037037037 0.0 0.0 0.148148148148 19 0.175925925926 418.0 58.0 270.04 0.3781035 226.18 1.3067975361 2.49383124338 0.757746882507 5.5 157.234 1878.36 1180.88 269.831 
252 143.0 9.0 3.0 0.0 20.0 0.664335664336 1.64099634117e-34 853.153848163 0.0629370629371 0.020979020979 0.0 0.13986013986 5 0.034965034965 213.0 20.0 108.36 0.384 93.0 2.07605447326 3.25308807286 0.437289254019 9.8 117.782 2031.99 1149.54 315.029 
601 59.0 3.0 0.0 0.0 10.0 0.610169491525 3.02788272952e-11 637.506724191 0.0508474576271 0.0 0.0 0.169491525424 1 0.0169491525424 80.0 5.0 28.53 2.188 17.59 2.8 4.55 0.22 14.2 441.643 1613.25 1114.75 260.366 
057 407.0 52.0 9.0 0.0 71.0 0.518427518428 1.40271888121e-91 715.096649801 0.127764127764 0.022113022113 0.0 0.174447174447 38 0.0933660933661 416.0 0.0 295.79 0 294.7 1.57206080334 3.27857522889 0.6706410566 8.14286 145.57 2082.25 1058.48 251.86 
050 73.0 10.0 1.0 0.0 14.0 0.794520547945 1.47231327758e-18 1080.72725887 0.13698630137 0.013698630137 0.0 0.191780821918 4 0.0547945205479 81.0 0.0 50.19 0.0 49.04 1.61387 1.65171 0.605432 6.36364 380.314 1738.17 1076.49 200.882 
051 571.0 69.0 11.0 0.0 110.0 0.581436077058 9.80559587276e-152 817.145703516 0.120840630473 0.0192644483363 0.0 0.192644483363 34 0.0595446584939 514.0 67.0 318.85 1.46159223684 238.92 1.4093006073 5.94913192938 0.32825515665 7.79167 139.079 1978.19 1134.79 264.757 
053 186.0 29.0 4.0 0.0 27.0 0.569892473118 2.02403773802e-40 572.781838303 0.155913978495 0.0215053763441 0.0 0.145161290323 7 0.0376344086022 249.0 0.0 93.88 0.0 93.88 2.65232 2.65232 0.377028 7.82609 10.0489 2318.03 1168.03 330.656 
289 76.0 9.0 1.0 0.0 13.0 0.736842105263 4.18102156261e-18 1053.25561168 0.118421052632 0.0131578947368 0.0 0.171052631579 5 0.0657894736842 95.0 14.0 33.0 0.947857 19.73 2.88 4.81 0.208 10.25 266.918 1798.32 1121.45 286.415 
157 615.0 88.0 26.0 0.0 91.0 0.486178861789 2.57540872827e-138 794.165390111 0.143089430894 0.0422764227642 0.0 0.147967479675 18 0.0292682926829 652.0 11.0 240.43 0.2759095 211.41 2.23085620803 5.26421692329 0.367629471825 11.9074 118.037 2189.85 1110.31 281.143 
657 38.0 3.0 0.0 0.0 8.0 0.894736842105 1.37218928262e-09 1790.4214095 0.0789473684211 0.0 0.0 0.210526315789 0 0.0 36.0 4.0 19.51 2.445 9.73 1.84521 3.6999 0.270278 7.42857 223.07 1693.19 1010.58 359.192 
183 194.0 10.0 1.0 0.0 32.0 0.726804123711 5.9469289953e-54 1612.9002196 0.0515463917526 0.00515463917526 0.0 0.164948453608 9 0.0463917525773 244.0 30.0 147.53 1.01771828615 107.12 1.51981103023 3.23764220895 0.564217396274 7.15625 216.106 1939.22 1060.11 238.669 
181 306.0 26.0 7.0 0.0 48.0 0.633986928105 2.7043141361e-80 861.124922745 0.0849673202614 0.0228758169935 0.0 0.156862745098 20 0.0653594771242 465.0 14.0 175.24 1.80704304348 142.31 2.43880278405 4.56068544013 0.375487938444 8.61905 187.026 2031.73 1031.8 252.68 
184 367.0 49.0 9.0 0.0 57.0 0.604904632153 1.13836639425e-94 875.932101945 0.133514986376 0.0245231607629 0.0 0.155313351499 12 0.0326975476839 428.0 17.0 183.14 0.695 159.57 2.21368999748 4.16682781161 0.411428848142 13.0312 289.037 2260.13 1118.49 246.028 
651 32.0 1.0 0.0 0.0 5.0 0.78125 6.18381287885e-07 752.57498916 0.03125 0.0 0.0 0.15625 3 0.09375 72.0 9.0 50.92 2.29111 30.3 1.41398 2.37624 0.420833 5.8 224.673 1464.3 970.034 256.391 
506 56.0 4.0 0.0 0.0 14.0 0.660714285714 2.12477082818e-11 646.829569992 0.0714285714286 0.0 0.0 0.25 4 0.0714285714286 87.0 0.0 47.08 0.0 47.08 1.84792 1.84792 0.541149 6.77778 271.587 1563.07 1037.2 229.648 
504 114.0 15.0 4.0 0.0 22.0 0.570175438596 8.70353077756e-23 534.795261347 0.131578947368 0.0350877192982 0.0 0.19298245614 1 0.00877192982456 122.0 10.0 44.25 1.265 31.6 2.75706 3.86076 0.259016 13.4 118.523 2007.65 1120.14 276.254 
508 207.0 17.0 5.0 0.0 35.0 0.68115942029 1.31507315644e-54 989.550965786 0.0821256038647 0.024154589372 0.0 0.169082125604 13 0.0628019323671 225.0 37.0 103.22 1.02591490909 65.24 2.14929337759 5.13832197931 0.288282979943 6.54545 121.465 2091.91 1061.88 295.801 
067 205.0 29.0 7.0 0.0 31.0 0.585365853659 1.68761567706e-46 693.526158317 0.141463414634 0.0341463414634 0.0 0.151219512195 6 0.0292682926829 262.0 14.0 111.5 0.662855 92.94 2.28503249807 3.57527104649 0.393362135135 8.92308 98.0733 2065.91 1181.73 257.508 
066 117.0 16.0 1.0 0.0 17.0 0.632478632479 5.59049969453e-26 765.228768846 0.136752136752 0.00854700854701 0.0 0.145299145299 6 0.0512820512821 104.0 1.0 53.83 5.42 48.41 1.93201 2.14832 0.465481 12.3636 200.277 1850.88 1062.4 335.803 
609 64.0 7.0 0.0 0.0 16.0 0.703125 3.88251992477e-14 738.891807539 0.109375 0.0 0.0 0.25 3 0.046875 79.0 17.0 69.26 2.73 22.85 1.14063 3.45733 0.289241 7.5 530.172 1402.81 1060.22 170.545 
562 83.0 11.0 1.0 0.0 17.0 0.734939759036 4.83591880258e-20 1064.21603304 0.132530120482 0.0120481927711 0.0 0.204819277108 7 0.0843373493976 96.0 12.0 44.66 1.795 23.12 2.14957 4.15225 0.240833 7.33333 355.735 1668.41 1176.79 195.776 
466 130.0 6.0 2.0 0.0 18.0 0.692307692308 4.05453653584e-32 1585.45751423 0.0461538461538 0.0153846153846 0.0 0.138461538462 18 0.138461538462 175.0 33.0 114.44 1.732885 56.73 1.5565751708 4.2785214893 0.31440539207 8.66667 196.447 1956.32 1008.75 297.914 
461 119.0 6.0 0.0 0.0 13.0 0.46218487395 1.46019657475e-19 475.646178652 0.0504201680672 0.0 0.0 0.109243697479 2 0.0168067226891 156.0 9.0 80.38 1.61889 65.81 1.94078 2.37046 0.421859 7 431.814 1621.22 1029.53 209.415 
190 122.0 13.0 2.0 0.0 22.0 0.647540983607 6.37234979218e-28 867.486455912 0.106557377049 0.016393442623 0.0 0.180327868852 1 0.00819672131148 177.0 23.0 90.34 1.54128205128 57.89 2.075015001 5.32399241425 0.305 12.9167 32.3566 2093.05 1139.55 275.461 
168 103.0 10.0 1.0 0.0 16.0 0.621359223301 5.55186512668e-22 805.134889882 0.0970873786408 0.00970873786408 0.0 0.155339805825 20 0.194174757282 157.0 17.0 80.45 0.74912 54.98 2.84764271961 5.67800022165 0.311144577778 5.76471 221.229 1684.1 1070.65 255.707 
164 138.0 10.0 7.0 0.0 17.0 0.782608695652 7.36808589895e-39 1650.76386665 0.0724637681159 0.0507246376812 0.0 0.123188405797 10 0.0724637681159 155.0 36.0 120.98 2.2187476 42.04 1.25538090815 5.32338862889 0.281751327149 7.22727 72.0328 1730.1 1086.95 253.092 
226 119.0 19.0 1.0 0.0 22.0 0.504201680672 2.83194674542e-21 366.272993187 0.159663865546 0.00840336134454 0.0 0.18487394958 4 0.0336134453782 135.0 2.0 49.85 0.775 48.3 2.70812 2.79503 0.357778 7.75 292.982 1854.13 1200.89 249.785 
222 230.0 35.0 6.0 0.0 32.0 0.513043478261 1.04030104019e-46 535.930547404 0.152173913043 0.0260869565217 0.0 0.139130434783 11 0.0478260869565 285.0 12.0 161.95 0.2570835 155.78 1.92577132631 3.11928503145 0.515377011521 9.08 175.994 1955.5 1129.54 271.198 
220 199.0 23.0 4.0 0.0 23.0 0.582914572864 9.99889752589e-45 919.541230564 0.115577889447 0.0201005025126 0.0 0.115577889447 7 0.035175879397 243.0 22.0 88.73 1.19560296296 62.29 2.73930287137 4.91891859364 0.254397572785 9.66667 250.088 1790.54 1153.08 264.542 
544 108.0 7.0 3.0 1.0 19.0 0.740740740741 1.44147271944e-27 1807.48778266 0.0648148148148 0.0277777777778 0.00925925925926 0.175925925926 0 0.0 128.0 8.0 40.64 0.673999909091 35.35 3.09841049626 4.77071657706 0.278187936508 10.5833 447.65 1483.09 1066.33 195.514 
076 627.0 113.0 19.0 0.0 130.0 0.516746411483 2.87129138032e-150 755.262236024 0.180223285486 0.030303030303 0.0 0.207336523126 37 0.0590111642743 476.0 27.0 207.4 0.624614975 182.1 1.82051481553 3.15459713123 0.988866384873 12.2909 160.323 1954.15 1149.28 301.745 
559 72.0 3.0 2.0 0.0 11.0 0.597222222222 6.64088466635e-14 887.392192739 0.0416666666667 0.0277777777778 0.0 0.152777777778 9 0.125 79.0 12.0 43.72 1.94667 20.36 1.80695 3.88016 0.257722 10.5714 520.406 1607.34 1063.27 218.292 
154 183.0 22.0 2.0 0.0 31.0 0.590163934426 4.82082738091e-41 698.127764831 0.120218579235 0.0109289617486 0.0 0.169398907104 16 0.0874316939891 280.0 1.0 148.07 7.49 133.09 1.94552932172 2.83525588569 0.477497835052 9.5 294.792 1861.62 1151.23 271.124 
070 53.0 5.0 0.0 0.0 6.0 0.603773584906 7.86725828602e-10 689.71034784 0.0943396226415 0.0 0.0 0.11320754717 1 0.0188679245283 158.0 11.0 80.91 2.40727 54.43 1.95279 2.90281 0.344494 6.22222 729.881 1595.47 1076.91 180.161 
551 135.0 25.0 0.0 0.0 25.0 0.525925925926 1.10443434116e-25 504.178991877 0.185185185185 0.0 0.0 0.185185185185 3 0.0222222222222 142.0 12.0 62.1 2.25583 35.03 2.28663 4.05367 0.24669 7.15 100.274 1135.52 697.402 261.257 
078 253.0 19.0 4.0 1.0 42.0 0.505928853755 1.7623598605e-51 530.343839156 0.0750988142292 0.0158102766798 0.00395256916996 0.166007905138 14 0.0553359683794 308.0 40.0 143.34 1.58353409836 79.46 2.13556084339 5.26292280732 0.265188801724 7.78788 118.05 1899.21 1033.16 258.592 
238 100.0 16.0 3.0 0.0 19.0 0.64 7.58577575029e-22 752.941176471 0.16 0.03 0.0 0.19 14 0.14 167.0 0.0 76.43 0.0 76.43 2.18501 2.18501 0.457665 6.2 41.7987 1598.64 931.875 271.61 
235 312.0 36.0 11.0 1.0 47.0 0.448717948718 2.42677145656e-58 554.256576449 0.115384615385 0.0352564102564 0.00320512820513 0.150641025641 22 0.0705128205128 371.0 54.0 197.49 1.33597367089 122.56 1.89399650315 3.67489316456 0.34050094831 10.92 398.203 2166.6 1258.56 217.831 
635 49.0 3.0 1.0 0.0 8.0 0.632653061224 2.26280458811e-09 523.960784809 0.0612244897959 0.0204081632653 0.0 0.163265306122 2 0.0408163265306 65.0 16.0 74.59 3.58563 17.22 0.87143 3.77468 0.264923 10.2 900.924 1638.29 1209.15 169.604 
472 50.0 3.0 1.0 0.0 8.0 0.62 2.04064955029e-09 526.680701344 0.06 0.02 0.0 0.16 1 0.02 67.0 4.0 66.49 2.005 58.47 1.00767 1.14589 0.872687 13.75 354.749 1690.48 1109.46 229.877 
636 31.0 4.0 1.0 0.0 7.0 0.774193548387 1.24224624431e-06 715.85361304 0.129032258065 0.0322580645161 0.0 0.225806451613 0 0.0 39.0 4.0 19.97 1.6425 13.4 1.95293 2.91045 0.34359 8 160.504 1869.69 1072.86 290.153 
470 113.0 19.0 1.0 0.0 29.0 0.70796460177 7.93166833966e-28 864.454081467 0.16814159292 0.00884955752212 0.0 0.256637168142 5 0.0442477876106 124.0 17.0 53.64 1.26471 32.14 2.31171 3.85812 0.259194 6.65 91.2299 2118.69 1115.28 277.168 
325 131.0 10.0 5.0 0.0 21.0 0.625954198473 2.25589753544e-29 620.058022299 0.0763358778626 0.0381679389313 0.0 0.160305343511 6 0.0458015267176 161.0 9.0 69.72 2.13333 50.52 2.24957410277 5.33028988655 0.291610441176 9.66667 353.742 1771.16 1112.61 248.364 
329 209.0 29.0 10.0 0.0 35.0 0.612440191388 9.9657603041e-50 802.645201682 0.138755980861 0.0478468899522 0.0 0.167464114833 9 0.0430622009569 215.0 22.0 121.75 2.83273 59.43 1.76591 3.6177 0.276419 8.42308 175.199 1841.91 1161.95 216.359 
144 290.0 40.0 10.0 0.0 50.0 0.672413793103 5.92030958697e-80 905.976621868 0.137931034483 0.0344827586207 0.0 0.172413793103 5 0.0172413793103 355.0 8.0 99.99 0.3025 95.15 3.56955424948 5.3241508875 0.271196693878 12.72 241.925 2449.77 1187.93 302.349 
563 93.0 9.0 2.0 0.0 16.0 0.645161290323 3.25101377238e-20 787.393179422 0.0967741935484 0.0215053763441 0.0 0.172043010753 7 0.0752688172043 120.0 12.0 55.6 1.9025 32.77 2.15827 3.66189 0.273083 8.6 170.485 1258.18 805.43 248.881 
205 43.0 0.0 1.0 0.0 1.0 0.581395348837 1.82785870232e-07 510.458892369 0.0 0.0232558139535 0.0 0.0232558139535 4 0.093023255814 60.0 20.0 87.95 1.789 52.17 0.682206 1.15009 0.8695 2 139.692 1750.4 1109.08 238.08 
207 342.0 43.0 6.0 0.0 61.0 0.33918128655 3.15311877186e-49 481.880374266 0.125730994152 0.0175438596491 0.0 0.178362573099 26 0.0760233918129 385.0 38.0 164.84 1.57579 104.96 2.3356 3.66806 0.272623 5.05882 146.374 1961.73 1023.64 302.591 
206 247.0 19.0 6.0 0.0 44.0 0.457489878543 2.44436077812e-45 551.785215752 0.0769230769231 0.0242914979757 0.0 0.178137651822 7 0.0283400809717 319.0 0.0 108.47 0.0 108.47 2.94091 2.94091 0.340031 9.74074 150.237 1926.91 1100.48 264.782 
610 66.0 3.0 3.0 0.0 13.0 0.69696969697 1.54761000696e-14 643.838623346 0.0454545454545 0.0454545454545 0.0 0.19696969697 1 0.0151515151515 102.0 12.0 42.77 1.61917 23.34 2.38485 4.37018 0.228824 8.25 558.859 1617.52 1081.97 180.584 
087 77.0 16.0 1.0 0.0 13.0 0.766233766234 4.31531785722e-19 856.176559886 0.207792207792 0.012987012987 0.0 0.168831168831 2 0.025974025974 106.0 0.0 54.12 0.0 54.12 1.95861 1.95861 0.510566 6.54545 154.011 1565.23 1025.06 215.011 
148 58.0 7.0 0.0 0.0 11.0 0.724137931034 6.01788666785e-13 925.799696621 0.120689655172 0.0 0.0 0.189655172414 4 0.0689655172414 69.0 0.0 49.63 0.0 49.63 1.39029 1.39029 0.719275 6.44444 230.542 1601.77 1126.37 242.736 
615 56.0 7.0 1.0 0.0 12.0 0.767857142857 3.95008051858e-13 1252.86808602 0.125 0.0178571428571 0.0 0.214285714286 2 0.0357142857143 70.0 1.0 22.71 0.4 22.31 3.08 3.14 0.319 8.16667 865.759 2275.74 1340.51 281.004 
003 209.0 29.0 1.0 1.0 36.0 0.468899521531 3.04252778918e-38 598.353515892 0.138755980861 0.00478468899522 0.00478468899522 0.172248803828 10 0.0478468899522 585.0 10.0 224.79 0.971001 215.08 2.60243 2.71992 0.367658 9 256.18 1723.33 1125.82 247.196 
001 244.0 21.0 4.0 0.0 35.0 0.565573770492 4.35645923231e-55 784.428085797 0.0860655737705 0.016393442623 0.0 0.143442622951 26 0.106557377049 299.0 20.0 107.18 0.800526473684 88.64 2.83243106446 4.80548521303 0.310329568134 9.47826 122.124 2083.69 1144.93 292.657 
007 199.0 13.0 3.0 0.0 24.0 0.572864321608 5.73553101727e-44 845.384679712 0.0653266331658 0.0150753768844 0.0 0.120603015075 7 0.035175879397 206.0 0.0 89.1 0 86.59 2.2802488603 3.31725890574 0.430816974194 10.7619 322.94 1945.5 1173.6 263.804 
005 82.0 4.0 3.0 0.0 20.0 0.69512195122 1.00133804776e-18 779.195639899 0.0487804878049 0.0365853658537 0.0 0.243902439024 5 0.0609756097561 170.0 6.0 95.69 1.255 88.16 1.78054986574 2.44970924123 0.514342929577 5.75 267.843 1981.61 1058.16 220.327 
488 88.0 8.0 1.0 0.0 12.0 0.693181818182 2.68399625058e-20 697.726135301 0.0909090909091 0.0113636363636 0.0 0.136363636364 1 0.0113636363636 94.0 1.0 46.99 7.23 32.53 2.24157781915 3.2418694188 0.350172909091 8.91667 188.103 1839.39 987.559 253.942 
357 110.0 9.0 0.0 0.0 13.0 0.554545454545 2.84042040508e-21 541.412842585 0.0818181818182 0.0 0.0 0.118181818182 5 0.0454545454545 204.0 9.0 70.97 0.666667 64.97 2.87 3.14 0.318 7.8125 194.65 1116.99 831.177 159.798 
356 147.0 15.0 4.0 0.0 25.0 0.721088435374 1.24056583119e-38 1044.25289765 0.102040816327 0.0272108843537 0.0 0.170068027211 8 0.0544217687075 165.0 22.0 81.34 1.985835625 40.71 1.95449692008 5.29085482183 0.248979090909 6.28 66.6234 1815.64 1122.5 273.545 
355 208.0 12.0 0.0 0.0 37.0 0.543269230769 6.0215614075e-44 748.403305288 0.0576923076923 0.0 0.0 0.177884615385 11 0.0528846153846 228.0 20.0 88.09 1.21366655172 60.74 2.76562114762 5.79815257086 0.257088728324 9 365.835 2358.29 1110.28 277.573 
350 330.0 34.0 9.0 0.0 56.0 0.475757575758 5.72659391509e-66 534.33336292 0.10303030303 0.0272727272727 0.0 0.169696969697 7 0.0212121212121 429.0 35.0 144.48 1.29853596154 97.97 2.97953482301 6.2347325834 0.229017135514 7.32653 142.97 2506.23 1085.3 327.685 
639 51.0 2.0 0.0 0.0 11.0 0.745098039216 1.96578037867e-11 1081.46111153 0.0392156862745 0.0 0.0 0.21568627451 0 0.0 62.0 10.0 34.36 1.712 17.24 1.80442 3.59629 0.278065 9.28571 339.391 1567.04 1047.58 241.343 
358 191.0 13.0 7.0 0.0 28.0 0.55497382199 1.27270106297e-40 895.516803438 0.0680628272251 0.0366492146597 0.0 0.146596858639 41 0.214659685864 278.0 38.0 110.25 0.923671875 71.48 2.68261373844 6.07400303885 0.255194646018 6.875 115.067 1952.22 1134.78 292.302 
